1 0.466229 0.175000 0.350844 0.097500
1 0.407129 0.372500 0.302064 0.242500
1 0.164165 0.523125 0.183865 0.291250
1 0.309099 0.842500 0.612570 0.307500
1 0.438555 0.585625 0.351782 0.181250
1 0.951689 0.294375 0.096623 0.351250
1 0.734991 0.812500 0.222326 0.287500
1 0.670732 0.583125 0.099437 0.151250
1 0.785178 0.597500 0.125704 0.122500
1 0.926360 0.871875 0.147280 0.256250
1 0.924484 0.640625 0.151032 0.196250
1 0.630863 0.448125 0.141651 0.083750
1 0.744371 0.436875 0.094747 0.066250
1 0.037054 0.519375 0.068480 0.326250
1 0.799719 0.503750 0.136023 0.065000
1 0.610694 0.324375 0.099437 0.163750
1 0.701220 0.213125 0.117261 0.161250
1 0.789869 0.263125 0.052533 0.078750
1 0.130394 0.322500 0.251407 0.092500
1 0.785178 0.075000 0.230769 0.095000
1 0.833959 0.150000 0.142589 0.062500
1 0.478893 0.105625 0.379925 0.026250
1 0.948874 0.081250 0.096623 0.090000
