0 0.477612 0.803238 0.077612 0.393524
0 0.568657 0.588544 0.104478 0.094148
0 0.720149 0.347571 0.085075 0.212953
0 0.731343 0.773476 0.185075 0.150188
0 0.601493 0.870486 0.170149 0.259027
0 0.088060 0.605356 0.107463 0.118805
0 0.087313 0.904111 0.168657 0.191778
0 0.200746 0.473101 0.070149 0.132255
0 0.282836 0.513450 0.049254 0.056040
0 0.382090 0.659154 0.071642 0.226402
0 0.361194 0.920301 0.089552 0.130013
0 0.916418 0.942218 0.128358 0.115564
0 0.888806 0.545953 0.222388 0.206228
0 0.435075 0.297134 0.102985 0.098631