1 0.143750 0.032057 0.160500 0.062201
1 0.358250 0.053110 0.265500 0.104306
1 0.166000 0.172727 0.116000 0.201914
1 0.366500 0.174641 0.278000 0.131100
1 0.154750 0.643062 0.182500 0.713876
1 0.297750 0.271770 0.140500 0.045933
1 0.576750 0.866986 0.120500 0.252632
1 0.329000 0.887081 0.168000 0.212440
1 0.381750 0.696651 0.269500 0.153110
1 0.545500 0.670335 0.058000 0.119617
1 0.474750 0.557895 0.231500 0.130144
1 0.533000 0.353589 0.120000 0.198086
1 0.876750 0.098086 0.065500 0.194258
1 0.931500 0.086603 0.051000 0.165550
1 0.917500 0.251675 0.087000 0.122488
0 0.862750 0.809569 0.274500 0.380861
