1 0.082778 0.952335 0.158889 0.095331
4 0.155000 0.702335 0.307778 0.595331
4 0.284444 0.552529 0.057778 0.120623
1 0.118333 0.889105 0.098889 0.038911
1 0.525000 0.650778 0.245556 0.476654
1 0.263333 0.646887 0.053333 0.060311
1 0.341667 0.729572 0.092222 0.217899
1 0.488889 0.504864 0.164444 0.149805
1 0.341667 0.428016 0.105556 0.077821
1 0.902778 0.355058 0.165556 0.107004
1 0.857778 0.518482 0.224444 0.293774
1 0.695556 0.570039 0.100000 0.338521
1 0.524444 0.742218 0.224444 0.258755
1 0.146111 0.816148 0.056667 0.087549
1 0.696111 0.550584 0.087778 0.237354
0 0.057778 0.526265 0.104444 0.184825
0 0.216111 0.182879 0.421111 0.346304
