4 0.660714 0.282407 0.246429 0.120370
1 0.133333 0.280093 0.265476 0.147222
1 0.373810 0.108796 0.303571 0.130556
1 0.313690 0.215278 0.254762 0.121296
1 0.249107 0.537037 0.306548 0.237037
1 0.432440 0.939352 0.822024 0.121296
1 0.504167 0.813889 0.652381 0.166667
1 0.632143 0.650926 0.561905 0.220370
1 0.889583 0.229167 0.220833 0.452778
1 0.767560 0.565278 0.464881 0.425000
1 0.702679 0.122685 0.385119 0.191667
1 0.771131 0.575926 0.301786 0.261111
1 0.663988 0.731944 0.204167 0.371296
1 0.571429 0.861574 0.263095 0.276852
