1 0.112500 0.165217 0.221154 0.324638
1 0.275000 0.239130 0.084615 0.165217
1 0.297115 0.078261 0.132692 0.150725
1 0.367308 0.237681 0.088462 0.150725
1 0.429808 0.081159 0.125000 0.150725
1 0.452885 0.237681 0.078846 0.133333
1 0.179808 0.394203 0.178846 0.115942
1 0.045192 0.531884 0.086538 0.252174
1 0.138462 0.518841 0.092308 0.133333
1 0.125962 0.695652 0.186538 0.069565
1 0.161538 0.623188 0.138462 0.069565
1 0.234615 0.523188 0.096154 0.130435
1 0.332692 0.389855 0.119231 0.130435
1 0.371154 0.547826 0.169231 0.179710
1 0.262500 0.662319 0.063462 0.142029
1 0.227885 0.728986 0.021154 0.142029
1 0.372115 0.711594 0.155769 0.136232
1 0.479808 0.876812 0.140385 0.205797
1 0.580769 0.962319 0.057692 0.075362
1 0.723077 0.804348 0.146154 0.066667
1 0.510577 0.705797 0.113462 0.124638
1 0.453846 0.389855 0.111538 0.130435
1 0.517308 0.553623 0.115385 0.185507
1 0.563462 0.085507 0.138462 0.159420
1 0.567308 0.244928 0.134615 0.147826
1 0.631731 0.531884 0.098077 0.084058
1 0.639423 0.460870 0.059615 0.052174
1 0.699038 0.156522 0.117308 0.289855
1 0.729808 0.369565 0.125000 0.124638
1 0.771154 0.475362 0.134615 0.081159
1 0.831731 0.553623 0.105769 0.063768
1 0.828846 0.734783 0.169231 0.055072
1 0.874038 0.152174 0.225000 0.286957
1 0.896154 0.359420 0.196154 0.121739
1 0.922115 0.478261 0.148077 0.098551
1 0.953846 0.588406 0.092308 0.115942
