1 0.071250 0.115144 0.129167 0.182728
1 0.082083 0.356696 0.159167 0.280350
1 0.071667 0.566333 0.138333 0.128911
1 0.085417 0.736546 0.169167 0.204005
1 0.115000 0.923029 0.225000 0.151439
1 0.229583 0.111389 0.175833 0.205257
1 0.219167 0.307259 0.100000 0.168961
1 0.245000 0.448060 0.158333 0.097622
1 0.307083 0.307885 0.059167 0.177722
1 0.235417 0.568210 0.170833 0.115144
1 0.255000 0.739049 0.160000 0.204005
1 0.389583 0.115770 0.132500 0.214018
1 0.370417 0.291615 0.052500 0.115144
1 0.453333 0.294743 0.101667 0.121402
1 0.385000 0.454944 0.113333 0.096370
1 0.391250 0.381101 0.092500 0.048811
1 0.387500 0.571339 0.113333 0.108886
1 0.320833 0.907384 0.173333 0.127660
1 0.392083 0.696496 0.102500 0.128911
1 0.407917 0.806008 0.125833 0.060075
1 0.473750 0.914894 0.119167 0.140175
1 0.526250 0.114518 0.124167 0.201502
1 0.533750 0.438048 0.095833 0.140175
1 0.473333 0.604506 0.048333 0.085106
1 0.479583 0.708385 0.065833 0.097622
1 0.524167 0.806008 0.093333 0.077597
1 0.548333 0.698373 0.058333 0.147685
1 0.625000 0.742804 0.088333 0.221527
1 0.612500 0.916771 0.150000 0.138924
1 0.672917 0.099499 0.157500 0.176471
1 0.783750 0.287234 0.077500 0.188986
1 0.696667 0.244681 0.095000 0.103880
1 0.714583 0.468085 0.094167 0.132666
1 0.724167 0.606383 0.101667 0.133917
1 0.615417 0.494994 0.064167 0.088861
1 0.617500 0.381727 0.068333 0.127660
1 0.727083 0.761577 0.094167 0.166458
1 0.735000 0.922403 0.080000 0.147685
1 0.813333 0.101377 0.101667 0.175219
1 0.820833 0.468085 0.101667 0.157697
1 0.824583 0.612641 0.092500 0.121402
1 0.823750 0.765332 0.090833 0.161452
1 0.823333 0.921777 0.090000 0.148936
1 0.912917 0.068836 0.085833 0.115144
1 0.977917 0.120776 0.032500 0.221527
1 0.914167 0.200876 0.091667 0.121402
1 0.845000 0.287234 0.041667 0.178974
1 0.932917 0.337297 0.124167 0.126408
1 0.914583 0.440551 0.074167 0.077597
1 0.935833 0.533166 0.118333 0.095119
1 0.937500 0.636421 0.118333 0.098874
1 0.936667 0.841677 0.118333 0.294118
