1 0.645578 0.148469 0.194558 0.292857
1 0.585714 0.443367 0.281633 0.225510
1 0.391497 0.481633 0.098639 0.175510
1 0.198980 0.790816 0.391156 0.261224
1 0.255442 0.965816 0.504082 0.068367
1 0.518367 0.695408 0.200000 0.225510
1 0.256803 0.621939 0.310884 0.068367
1 0.537075 0.875510 0.238776 0.110204
1 0.696939 0.968878 0.365306 0.062245
1 0.728231 0.690816 0.195238 0.244898
1 0.755102 0.876020 0.190476 0.109184
1 0.513265 0.233163 0.064626 0.152041
1 0.795238 0.172449 0.096599 0.316327
1 0.276190 0.538265 0.103401 0.074490
