1 0.226172 0.718069 0.451562 0.556798
1 0.486523 0.380518 0.426953 0.108888
1 0.531836 0.237198 0.229297 0.173043
1 0.759961 0.395527 0.111328 0.131842
1 0.561133 0.379635 0.280859 0.107122
1 0.853906 0.517363 0.068750 0.195409
1 0.525781 0.532372 0.139063 0.183049
1 0.530469 0.703943 0.153906 0.144791
1 0.534766 0.890230 0.162500 0.214832
1 0.652148 0.537669 0.101172 0.183049
1 0.761523 0.543555 0.116016 0.145380
1 0.922656 0.617716 0.067969 0.161860
1 0.979883 0.718658 0.040234 0.207181
1 0.670703 0.709241 0.116406 0.147145
1 0.808984 0.695703 0.153906 0.141260
1 0.688086 0.889052 0.133984 0.204238
1 0.823633 0.883167 0.131641 0.224250
1 0.921680 0.786051 0.069922 0.159506
1 0.943164 0.932607 0.099609 0.127722
