1 0.742676 0.544271 0.512695 0.911458
1 0.242676 0.535590 0.153320 0.293403
1 0.369141 0.558160 0.097656 0.369792
1 0.512207 0.374132 0.151367 0.046875
1 0.316895 0.731771 0.416992 0.164931
1 0.795898 0.620660 0.408203 0.237847
1 0.756836 0.749132 0.486328 0.501736
1 0.757812 0.754340 0.470703 0.491319
1 0.729004 0.341146 0.084961 0.102431
1 0.197754 0.583333 0.290039 0.211806
0 0.179199 0.079861 0.356445 0.156250
0 0.795898 0.869792 0.408203 0.260417
4 0.416504 0.270833 0.465820 0.149306
4 0.217285 0.107639 0.047852 0.052083
1 0.573730 0.764757 0.852539 0.140625
